0 0.405031 0.518886 0.057125 0.160217
0 0.371672 0.493329 0.078656 0.138995
0 0.243312 0.472160 0.119000 0.130842
1 0.699305 0.502378 0.126297 0.230190
1 0.136469 0.407989 0.115062 0.159511
1 0.164086 0.436957 0.044047 0.119130
1 0.349016 0.444022 0.125688 0.128859
1 0.270727 0.386277 0.225141 0.185543
1 0.876211 0.487609 0.247578 0.319837
4 0.266461 0.380530 0.233422 0.197582
4 0.889625 0.491848 0.219937 0.320217
0 0.082320 0.410353 0.023359 0.076522
0 0.505742 0.566753 0.039266 0.054321
0 0.129078 0.403016 0.056906 0.123043
0 0.073773 0.384524 0.055703 0.130571
1 0.065055 0.388614 0.130109 0.164402
0 0.099398 0.414552 0.017797 0.064158
