1 0.354453 0.351809 0.061687 0.038750
1 0.120914 0.364068 0.062484 0.063443
1 0.533836 0.349079 0.040922 0.040000
1 0.101164 0.342719 0.060359 0.038377
1 0.374641 0.340877 0.047406 0.016316
1 0.140352 0.325702 0.037641 0.016623
1 0.607672 0.410493 0.184281 0.102259
1 0.077898 0.328860 0.019609 0.022193
1 0.357961 0.333169 0.022891 0.014496
1 0.429422 0.349561 0.090500 0.053377
1 0.217391 0.347533 0.048719 0.037566
4 0.041969 0.324671 0.038031 0.037018
1 0.311727 0.342971 0.034672 0.047610
1 0.276562 0.328947 0.540625 0.061404
