1 0.844510 0.538656 0.121563 0.063813
1 0.776000 0.525320 0.098958 0.038609
1 0.694875 0.523578 0.073958 0.021844
1 0.642854 0.517406 0.029083 0.016719
1 0.214615 0.515242 0.051937 0.015328
1 0.902365 0.523047 0.049104 0.021500
1 0.076563 0.518047 0.038083 0.018094
4 0.308615 0.532586 0.257688 0.080891
4 0.146531 0.527070 0.108896 0.043172
1 0.054573 0.517312 0.041146 0.018250
1 0.566906 0.518844 0.044354 0.016406
1 0.463271 0.519594 0.055583 0.020188
1 0.414448 0.513117 0.052271 0.011453
1 0.504167 0.530469 0.987500 0.070312
