4 0.049727 0.574885 0.099453 0.089146
4 0.361594 0.532271 0.090031 0.083250
4 0.587164 0.542031 0.057234 0.080896
1 0.525258 0.624437 0.168828 0.156875
1 0.392789 0.598562 0.139828 0.097958
1 0.308375 0.584927 0.098875 0.074479
1 0.980672 0.577354 0.038656 0.088250
1 0.676805 0.608417 0.161828 0.136625
1 0.924969 0.812010 0.150063 0.375979
1 0.893656 0.548646 0.022187 0.038000
1 0.141875 0.621302 0.283750 0.118854
1 0.917492 0.862021 0.165016 0.275958
1 0.919500 0.563156 0.052094 0.067521
4 0.804633 0.581479 0.175922 0.170375
4 0.139617 0.548167 0.124734 0.072167
