0 0.131458 0.118278 0.156450 0.236556
0 0.222583 0.798389 0.441933 0.378511
0 0.169025 0.517544 0.134017 0.204333
1 0.592058 0.342167 0.202850 0.079533
1 0.423892 0.327433 0.078150 0.086600
0 0.304942 0.629156 0.253150 0.167244
0 0.552675 0.487733 0.272483 0.232978
0 0.653383 0.442067 0.106700 0.098400
0 0.906742 0.167567 0.131450 0.173044
0 0.313925 0.733511 0.339550 0.303778
0 0.358392 0.870033 0.165850 0.221978
0 0.185883 0.672022 0.140900 0.129822
4 0.242967 0.273122 0.118067 0.123756
0 0.310550 0.585522 0.194700 0.151444
0 0.352500 0.846667 0.235000 0.240000
