1 0.620906 0.537946 0.396594 0.359075
1 0.175375 0.439656 0.203563 0.295269
1 0.432961 0.644398 0.865922 0.711204
1 0.779414 0.434624 0.260172 0.299398
1 0.105305 0.388387 0.181234 0.107871
1 0.467742 0.427462 0.138734 0.125290
1 0.111836 0.526968 0.213891 0.105634
1 0.176273 0.293978 0.143328 0.088043
3 0.142047 0.166290 0.199188 0.301140
1 0.550992 0.284839 0.168328 0.091441
3 0.384508 0.205247 0.191016 0.164043
3 0.300023 0.138505 0.132047 0.162731
4 0.386953 0.197194 0.179594 0.177527
4 0.469930 0.085312 0.103047 0.106624
1 0.110141 0.591882 0.220125 0.105054
1 0.536187 0.390753 0.126469 0.147656
3 0.565102 0.080204 0.091234 0.091505
1 0.580094 0.310688 0.145219 0.097333
