0 0.535102 0.769802 0.364453 0.460396
1 0.810484 0.415052 0.379031 0.632271
1 0.246773 0.234948 0.209672 0.193562
0 0.112078 0.650562 0.217406 0.267417
0 0.166477 0.806271 0.332953 0.367708
0 0.448484 0.954958 0.315875 0.069833
1 0.697766 0.043854 0.046406 0.030292
1 0.658414 0.063208 0.057359 0.036375
0 0.040453 0.592573 0.080906 0.355063
0 0.032609 0.408156 0.064344 0.122229
1 0.883047 0.028635 0.036406 0.027229
1 0.541953 0.068875 0.031219 0.026167
1 0.139227 0.080656 0.040141 0.032271
4 0.065031 0.120198 0.127031 0.220563
1 0.840414 0.021521 0.049328 0.026042
1 0.099797 0.080312 0.024781 0.019042
