1 0.338120 0.173573 0.039440 0.029333
1 0.288430 0.175453 0.042140 0.030587
1 0.509060 0.167013 0.067040 0.030987
1 0.621250 0.162400 0.058740 0.030667
1 0.421400 0.168653 0.053160 0.032187
1 0.173310 0.175467 0.045020 0.023893
1 0.854580 0.157333 0.052000 0.027840
1 0.720380 0.161120 0.038080 0.028853
1 0.962110 0.147707 0.054140 0.040213
1 0.932260 0.154080 0.018680 0.025760
1 0.813390 0.154333 0.020460 0.026053
3 0.663400 0.147240 0.094040 0.047387
1 0.128290 0.176147 0.080660 0.051173
1 0.610000 0.149333 0.604000 0.058667
