1 0.292563 0.764010 0.229531 0.178896
1 0.222469 0.693260 0.205625 0.119104
1 0.111969 0.582969 0.138313 0.093729
1 0.163031 0.618292 0.115406 0.097458
1 0.143687 0.598240 0.108750 0.088229
1 0.206500 0.656323 0.157688 0.080854
1 0.186961 0.632896 0.124891 0.099000
4 0.183703 0.631292 0.126063 0.099792
4 0.284859 0.769937 0.231594 0.171833
4 0.288352 0.438802 0.037391 0.039604
4 0.142023 0.602583 0.108016 0.094625
4 0.110664 0.583646 0.138797 0.092125
4 0.270656 0.457927 0.086563 0.030729
4 0.752961 0.588396 0.276328 0.135375
